10.226
13.513
11.756
13.254
12.173
9.368
13.481
14.229
10.724
13.26
9.961
10.532
13.483
13.435
13.455
14.284
9.898
12.791
13.194
14.05
10.437
9.392
11.132
9.683
12.608
9.874
12.248
10.739
12.093
13.956
11.757
9.603
11.623
10.183
10.261
14.185
12.005
13.043
12.24
11.699
12.627
9.599
11.38
11.693
11.969
14.847
12.207
9.009
11.921
10.166
9.467
12.641
14.527
10.231
14.679
12.25
11.302
13.432
12.633
13.844
10.703
10.233
14.539
13.874
9.538
13.923
14.09
9.363
9.312
13.845
14.772
9.697
11.411
12.185
11.14
13.493
9.169
9.802
12.62
12.27
14.139
13.378
14.162
10.614
11.737
9.828
11.642
11.714
11.839
10.613
14.265
12.145
12.117
14.944
14.064
12.5
9.071
12.634
10.872
14.802
12.816
13.185
10.571
13.799
14.038
10.501
10.424
14.252
9.945
10.29
11.986
9.398
9.191
12.435
10.748
12.964
12.6
12.141
10.262
13.088
13.517
9.121
14.002
11.735
12.832
11.783
11.948
10.28
11.376
12.669
12.888
13.552
10.769
13.769
13.51
9.695
13.266
12.118
11.996
13.85
12.263
11.547
9.941
9.233
9.466
13.024
11.306
10.011
10.959
14.765
11.871
11.647
13.335
14.535
10.57
14.219
12.393
9.016
11.113
13.267
13.333
13.881
11.299
13.137
9.582
13.119
12.57
10.596
10.726
9.714
12.892
13.127
13.262
14.684
12.34
12.271
12.656
13.479
9.191
11.874
14.4
13.922
10.62
10.727
10.893
11.53
10.488
11.582
13.189
11.353
14.835
12.873
13.458
13.097
13.502
10.223
12.157
13.885
11.112
9.841
10.766
11.687
13.692
12.247
14.676
12.982
10.925
13.562
9.374
10.496
14.953
14.72
13.539
11.197
10.218
10.297
9.572
14.4
13.296
14.944
10.729
9.295
14.236
11.413
12.779
11.94
13.474
13.759
12.933
11.235
13.898
14.476
9.063
14.322
12.415
11.04
11.376
10.822
14.179
14.892
14.827
11.02
9.346
13.588
14.511
11.103
9.048
14.586
10.966
12.999
13.936
12.085
14.649
11.012
13.754
10.905
10.947
12.138
14.349
13.45
13.78
9.066
13.599
14.034
10.473
14.165
12.584
14.615
12.88
12.533
14.543
10.98
10.041
13.941
13.943
11.494
11.331
11.421
13.585
11.637
10.296
10.378
9.523
14.78
9.337
11.8
13.355
14.089
12.536
12.816
11.687
12.202
10.408
14.509
12.474
12.899
14.162
11.931
10.762
13.316
9.058
11.626
11.794
12.778
13.662
14.368
10.291
13.074
13.474
9.343
10.926
11.433
9.922
14.413
12.072
9.919
10.608
11.474
11.437
11.861
14.407
13.628
11.711
10.14
12.192
9.949
14.586
10.739
14.416
14.329
14.127
9.121
12.667
14.98
13.639
12.361
12.008
10.442
12.058
9.895
14.449
14.448
13.086
9.015
13.381
9.464
11.699
13.323
9.853
14.994
9.204
12.939
14.826
14.131
11.935
14.408
10.593
11.34
9.31
11.29
12.1
11.662
12.117
10.423
13.632
10.378
9.62
10.569
14.551
13.356
14.353
13.593
14.824
9.17
12.22
9.067
9.357
13.433
12.041
11.718
12.269
10.82
13.665
14.012
9.318
11.149
9.625
14.757
12.4
10.614
9.918
11.711
13.177
14.298
12.295
13.23
13.458
13.498
14.073
9.212
14.608
12.631
14.153
10.14
9.88
9.055
9.594
11.836
9.857
11.087
9.521
11.748
10.722
11.818
10.135
13.383
14.282
10.804
12.561
14.729
14.784
10.198
9.345
11.926
12.689
12.949
10.381
12.667
10.387
9.875
9.515
11.786
11.046
10.099
13.611
10.423
12.896
12.765
9.664
11.823
14.952
13.741
11.869
11.86
14.18
12.825
10.138
10.102
13.732
11.84
13.458
9.472
11.957
13.342
9.137
9.792
11.734
14.762
10.337
9.921
12.948
14.128
9.591
14.312
14.994
14.346
11.461
14.683
9.202
13.472
14.926
14.365
11.994
14.486
10.687
14.084
12.172
11.102
12.483
14.691
12.716
11.911
11.976
12.332
11.609
10.221
14.348
10.928
14.216
11.397
13.491
11.941
12.205
13.281
14.349
13.469
10.439
11.775
13.164
13.532
13.154
12.483
13.378
11.335
13.927
12.689
12.803
12.657
10.933
12.584
13.742
9.599
13.892
13.967
12.954
9.553
10.143
13.486
14.534
9.916
9.207
12.614
13.384
9.105
11.485
13.957
12.245
13.898
12.529
13.766
13.904
9.093
14.522
12.058
11.879
14.488
9.02
13.496
12.882
14.146
11.657
13.909
14.045
11.397
14.856
14.257
14.21
9.172
13.54
13.928
9.637
11.756
13.62
9.365
11.408
9.848
10.734
12.084
9.088
11.815
9.704
10.575
11.733
11.741
13.273
13.753
12.637
14.76
10.539
14.088
14.839
11.212
11.745
11.028
9.344
10.299
10.427
9.14
11.658
13.577
13.083
12.584
12.657
9.454
9.61
11.787
11.945
10.702
9.426
14.957
9.962
14.188
14.384
11.66
11.379
14.881
10.229
11.584
14.938
13.326
11.334
14.995
12.217
13.58
12.357
14.254
12.271
12.359
11.162
9.239
10.554
12.172
14.624
14.536
12.531
12.223
13.963
9.615
12.608
9.01
13.001
13.996
13.223
10.02
14.084
9.683
12.374
13.569
10.683
9.314
14.246
13.645
14.758
10.596
13.782
11.304
13.178
13.452
11.689
13.017
10.085
11.394
11.608
13.484
10.742
13.617
12.268
14.332
9.391
12.917
11.554
14.55
10.016
9.972
10.289
9.945
11.277
9.449
14.832
10.235
10.24
14.053
10.616
12.5
9.112
14.803
9.655
13.38
11.565
12.671
10.951
14.868
13.871
14.661
14.525
13.617
13.945
9.788
11.693
9.65
13.875
13.82
14.313
13.938
13.408
12.603
9.656
12.062
14.538
11.174
11.542
14.03
12.465
13.22
9.993
14.709
13.945
11.818
11.37
11.914
9.278
9.758
9.665
12.804
10.657
14.668
11.456
14.202
13.948
10.871
14.81
9.623
14.984
11.759
13.896
13.687
9.157
13.906
11.144
10.944
13.846
9.48
14.221
9.466
12.264
10.914
10.565
12.152
9.724
13.299
10.812
10.27
14.315
9.684
13.358
13.52
9.607
12.702
10.249
11.422
12.379
13.88
14.731
10.891
13.009
12.647
13.851
13.526
9.703
12.895
9.591
13.406
12.863
14.351
14.846
9.902
12.268
10.117
13.718
10.119
11.875
12.858
12.11
10.744
14.236
11.511
11.843
10.559
11.454
13.15
12.18
10.613
9.784
10.574
9.871
12.08
14.21
13.339
11.837
11.852
14.323
14.524
12.831
11.918
9.761
14.093
14.131
11.677
13.498
14.099
9.917
14.417
14.538
10.803
11.834
14.729
12.352
13.474
13.513
12.989
9.521
10.115
9.082
11.615
11.874
14.855
11.367
10.996
12.319
9.021
14.389
12.152
12.713
9.493
11.19
10.611
13.333
13.342
14.627
11.848
13.43
11.988
12.036
11.536
11.374
12.673
14.478
13.435
12.224
13.44
14.764
13.674
13.554
14.111
10.577
9.711
9.538
11.282
14.193
13.612
11.062
9.692
13.882
9.391
9.313
9.958
13.571
13.959
13.933
9.568
9.601
14.114
14.012
14.827
10.698
12.008
13.109
9.606
11.333
12.178
12.197
9.421
11.379
14.428
12.419
9.235
11.37
14.417
11.882
12.639
13.744
14.382
13.943
9.876
9.564
14.329
9.296
9.397
9.025
12.18
14.262
11.107
10.049
11.043
12.354
11.979
12.464
10.513
10.61
9.622
14.515
10.187
9.823
13.282
13.697
12.716
13.661
13.218
9.508
9.274
10.466
10.386
12.784
10.349
13.116
12.277
10.2
9.762
11.669
13.522
11.787
14.826
12.288
10.852
9.787
13.624
11.323
11.903
10.441
12.199
11.707
10.699
10.167
11.937
9.819
12.594
12.535
9.215
9.422
11.33
10.592
10.043
10.68
11.57
13.77
9.348
11.557
9.522
13.448
14.63
11.697
12.908
12.409
13.179
12.753
13.203
13.688
13.338
9.009
9.632
11.59
10.47
11.715
9.693
9.331
11.107
10.346
13.49
14.103
12.222
11.734
13.645
13.769
12.888
14.337
11.16
13.567
12.433
12.744
10.02
11.041
11.552
13.708
10.919
12.597
12.708
9.094
14.88
11.357
9.91
12.385
12.51
10.321
9.631
11.071
9.572
9.926
10.991
11.912
13.544
14.021
9.348
12.416
11.061
13.871
11.523
14.665
10.416
13.96
13.052
