151.4
107.07
142.48
138.24
161.25
137.2
124.07
168.86
133.86
145.92
104.73
142.36
165.56
153.35
113.79
166.65
111.03
147.49
145.79
157.52
103.26
113.82
168.88
128.03
126.22
109.91
155.71
153.82
115.1
138.63
169.83
106.01
167.94
109.12
107.13
117.35
126.85
145.58
126.61
146.76
100.81
126.83
144.21
119.19
138.66
101.92
166.47
139.82
123.69
138.69
136.5
100.95
118.6
127.57
124.38
152.25
101.88
157.54
125.22
146.56
121.81
106.74
152.58
159.61
121.26
100.61
144.68
152.82
150.95
131.36
158.35
141.08
108.82
144.7
165.67
136.02
128.29
115.34
117.47
163.39
163.23
118.85
158.89
128.87
105.51
151.24
152.73
110.46
118.59
108.18
153.4
123.92
112.24
161.56
123.73
160.57
129.51
130.55
136.01
167.72
169.38
159.91
160.74
122.19
139.97
140.61
141.22
154.6
104.07
165.65
131.88
155.49
136.39
154.49
129.85
132.94
118.08
133.3
131.48
134.61
157.17
169.28
128.24
152.51
106.84
140.66
119.1
164.62
130.32
122.32
135.07
112.37
130.0
128.62
151.58
151.76
156.98
145.5
132.36
146.89
122.37
132.48
129.53
169.61
125.31
107.91
136.33
142.0
140.92
127.36
125.15
155.65
116.24
106.27
108.03
141.07
169.86
150.78
135.42
165.81
143.39
105.48
127.1
111.91
144.75
143.71
138.22
110.37
148.9
109.06
109.45
154.31
147.98
168.34
112.72
136.66
110.02
156.61
106.26
113.4
141.85
154.61
137.17
112.72
110.01
116.07
102.81
162.3
101.52
107.19
143.42
127.38
119.72
153.62
143.74
138.48
106.48
137.66
108.66
121.92
105.97
155.01
157.51
123.96
101.28
156.68
102.62
160.2
132.31
105.6
119.77
152.64
142.93
160.37
158.84
155.48
126.06
140.05
156.19
133.23
125.2
143.94
159.65
119.13
138.21
110.6
115.86
160.98
125.92
160.43
115.0
155.32
152.82
100.23
112.34
137.07
134.95
142.85
100.1
107.35
145.86
103.45
166.9
165.16
128.48
127.62
152.14
102.69
139.95
161.73
161.28
143.2
144.52
167.08
160.15
104.53
124.95
168.03
168.93
129.64
145.34
102.97
104.06
114.87
160.13
144.57
133.87
141.27
114.59
117.85
117.01
132.35
125.82
123.77
129.7
136.17
103.14
157.67
135.75
126.81
164.09
152.33
108.4
161.91
145.66
123.18
151.08
113.8
170.0
100.09
114.12
139.44
113.23
133.2
125.78
103.22
124.27
108.62
147.27
154.72
168.51
159.37
107.06
123.73
112.19
168.07
152.93
119.18
130.72
105.78
108.39
167.26
167.6
114.08
137.96
117.93
148.63
122.49
123.51
155.53
153.17
105.43
162.49
164.51
120.16
165.87
139.16
111.65
157.79
153.45
163.26
115.01
161.3
110.3
133.82
133.55
131.48
136.71
141.95
103.75
149.6
168.16
169.66
129.68
166.1
139.94
132.81
120.81
133.9
147.01
163.12
117.16
162.78
120.41
131.33
108.39
119.53
122.14
140.58
162.89
154.05
112.73
119.34
138.77
146.8
156.9
105.84
124.27
132.1
144.15
162.09
143.05
163.74
142.1
153.13
112.93
168.5
162.16
116.56
168.3
116.52
131.62
114.76
110.03
113.43
102.63
113.03
167.0
151.11
113.5
144.11
133.62
140.29
158.03
109.75
161.35
131.57
117.92
103.9
119.76
167.94
119.06
136.8
169.69
128.91
145.26
134.65
131.69
133.37
163.89
117.08
130.44
131.09
158.37
162.51
103.79
163.16
105.41
158.04
108.07
160.06
132.08
148.05
168.0
154.49
153.53
130.3
111.44
114.52
169.87
104.98
142.24
130.34
165.07
128.23
103.42
152.5
161.3
117.18
119.14
117.61
139.0
120.13
161.99
114.09
155.27
116.26
111.26
149.16
163.44
169.8
117.98
133.06
144.32
138.24
117.15
164.16
107.28
164.21
147.58
110.55
146.35
160.05
143.04
118.86
108.52
129.24
157.68
110.86
160.7
133.41
139.88
124.58
126.82
111.98
107.35
113.72
139.02
139.25
154.81
143.29
161.05
143.39
113.65
144.67
109.14
146.54
126.08
114.24
136.08
105.6
136.59
149.95
137.8
138.56
144.98
154.92
113.11
135.94
139.89
111.35
101.04
125.64
164.15
144.53
168.5
108.94
121.33
131.32
159.58
162.44
125.93
156.79
162.35
105.02
135.87
111.34
155.02
153.96
130.18
118.08
141.96
159.16
167.41
167.01
142.04
107.66
145.25
166.31
115.44
156.78
156.18
153.59
163.8
119.85
128.9
143.83
119.19
122.7
146.92
109.24
150.98
148.98
164.61
164.89
114.26
145.3
116.48
158.02
110.3
114.96
150.28
169.45
119.87
137.74
169.45
158.86
136.01
135.13
157.96
145.99
114.54
152.85
120.79
111.08
124.97
116.69
115.39
115.98
155.41
159.18
137.04
124.64
161.23
118.74
114.37
101.11
106.82
127.68
165.49
139.21
100.13
140.02
158.74
160.95
110.25
168.72
136.89
118.39
167.84
168.51
134.16
168.59
124.42
144.07
103.25
144.72
125.9
169.64
169.99
138.04
114.22
112.07
143.99
144.82
158.45
144.09
113.12
140.16
106.35
161.18
143.69
114.21
123.6
166.48
135.51
101.17
126.72
113.3
123.1
145.75
167.75
106.53
122.09
122.77
136.58
129.2
165.75
133.26
114.73
146.46
115.84
157.85
149.91
146.2
121.83
119.23
121.96
167.78
114.07
169.68
155.92
154.07
136.56
126.02
163.39
111.71
161.76
118.94
136.62
169.39
164.61
128.71
119.6
114.92
139.12
132.38
104.78
127.23
139.98
145.44
123.92
113.35
150.26
123.25
132.76
104.75
114.5
127.28
125.61
151.25
157.91
150.91
134.68
123.44
162.28
169.58
114.12
130.82
155.72
116.31
158.15
144.54
134.42
117.6
126.66
105.09
106.85
132.5
166.47
157.82
157.23
126.25
169.56
103.22
108.6
118.0
136.09
126.86
134.48
111.17
107.05
145.46
138.24
122.78
135.77
123.24
152.67
136.07
107.64
109.26
111.46
142.96
131.67
100.63
166.22
138.61
141.39
161.09
111.77
133.27
162.44
136.9
113.39
100.34
104.79
137.89
100.04
124.64
108.94
103.99
118.27
147.9
162.59
137.78
136.81
127.58
116.64
126.15
119.7
119.58
136.04
155.73
100.65
112.29
107.86
162.67
113.08
127.08
149.6
129.64
119.83
104.57
144.02
147.47
121.16
120.14
124.94
118.69
153.61
139.45
138.29
156.4
105.4
156.62
131.43
158.88
128.4
112.18
138.3
106.91
138.92
117.33
100.19
136.56
146.0
155.63
123.33
149.52
157.38
145.96
142.97
128.54
161.25
122.91
136.95
155.54
127.38
140.03
107.54
109.43
130.84
153.96
101.99
138.67
118.93
135.28
152.39
164.51
128.76
126.37
122.92
102.91
110.99
128.77
164.34
109.55
156.24
164.38
128.36
106.84
147.35
157.92
120.87
137.04
128.31
144.3
161.83
122.75
128.53
145.15
106.73
106.53
151.03
135.36
141.38
138.65
104.45
163.77
130.59
150.12
153.41
150.78
115.43
105.68
149.45
151.45
121.01
144.29
119.41
150.25
123.83
160.69
154.78
108.76
116.64
140.35
143.26
154.41
114.42
103.89
143.6
145.57
162.93
152.24
153.92
150.03
160.52
156.51
154.43
144.03
112.74
103.31
133.87
111.19
162.31
117.76
156.31
151.66
132.76
104.01
152.84
119.89
119.0
122.28
163.99
108.55
133.16
112.63
153.81
150.81
144.36
155.95
123.75
120.41
128.58
148.11
113.26
150.48
114.36
121.25
158.65
148.06
153.12
102.75
134.2
137.4
160.14
115.91
147.63
115.01
163.3
151.51
134.77
108.82
167.43
132.24
116.71
146.64
145.89
122.2
129.43
108.92
125.76
168.82
159.81
107.47
104.08
161.7
153.63
140.9
125.83
121.89
113.58
164.68
104.21
101.25
110.59
131.72
166.49
101.65
136.13
139.51
142.63
151.81
142.09
130.73
156.16
113.93
163.69
165.48
122.03
123.77
117.5
163.06
164.8
120.53
142.43
119.38
136.6
156.6
139.66
130.78
163.88
127.48
148.03
141.26
111.53
113.08
147.72
154.63
112.89
115.12
160.39
138.64
121.05
104.89
152.57
133.17
164.69
125.39
157.64
150.3
128.94
142.56
113.9
119.71
150.15
146.83
157.92
140.26
152.59
125.43
169.29
151.76
134.5
113.24
108.6
133.43
148.16
112.03
153.04
161.21
161.36
149.9
114.5
128.67
167.03
100.13
125.11
