79.35
81.64
99.25
76.37
94.28
75.62
82.74
87.76
98.26
91.04
98.1
99.0
82.13
84.53
98.03
80.31
92.38
95.81
86.78
76.41
81.04
95.95
78.7
81.56
93.24
93.67
76.1
76.42
90.41
83.92
93.52
89.8
75.88
84.74
77.2
97.11
84.66
98.84
93.51
83.35
91.57
96.85
95.12
84.98
89.46
90.67
94.9
87.92
94.24
90.64
78.94
79.26
98.33
92.33
87.15
81.13
81.13
86.43
96.35
79.37
99.87
99.47
96.43
85.76
92.55
92.65
79.73
99.01
96.16
97.93
75.26
85.98
92.53
80.16
92.46
93.02
87.2
81.91
93.63
87.87
96.29
89.82
83.18
83.0
82.25
95.0
77.37
78.65
97.8
79.55
93.02
83.99
96.01
80.92
81.18
78.39
92.78
89.76
83.7
83.3
93.23
91.86
96.99
95.13
86.8
87.33
94.73
83.27
88.13
78.49
78.77
76.46
86.5
85.21
82.1
80.54
78.82
80.07
93.16
85.89
79.54
95.58
86.05
79.62
77.41
87.59
82.79
80.71
94.22
84.18
84.3
95.44
76.36
94.95
87.32
80.09
92.45
76.03
76.46
95.51
87.57
88.92
93.42
99.52
93.33
97.05
85.01
93.42
75.41
90.22
90.99
85.85
90.78
83.71
97.81
85.57
82.74
81.44
99.15
84.82
87.39
99.16
99.28
88.94
91.38
77.68
81.97
81.02
83.15
81.59
94.2
82.17
93.73
87.58
81.3
85.88
77.15
99.83
80.71
87.04
89.98
77.71
90.46
96.21
84.95
84.2
85.95
76.53
94.26
95.1
75.04
75.02
82.45
91.32
80.78
96.04
86.4
75.97
82.3
88.88
98.67
83.8
83.77
80.14
76.06
77.37
97.6
85.61
83.83
77.65
94.22
91.57
93.38
83.04
97.76
80.27
81.18
99.84
83.52
91.01
76.95
78.59
85.66
85.44
91.18
83.64
82.66
93.14
96.36
90.3
99.73
84.68
95.81
87.19
96.33
99.1
86.34
95.34
75.24
78.77
78.04
77.52
93.33
81.66
96.77
95.74
77.25
98.8
94.63
87.06
91.77
87.03
98.41
75.12
88.08
78.1
78.76
75.84
89.33
78.69
95.65
94.73
80.3
82.34
87.15
96.0
76.01
87.36
91.31
88.72
89.56
93.44
98.25
91.33
87.17
98.88
84.96
81.06
95.66
75.1
99.62
81.98
97.67
92.63
87.23
86.2
75.1
89.62
78.75
88.9
76.39
92.2
94.27
81.15
93.93
83.82
94.89
98.24
85.54
76.14
78.91
89.25
94.01
81.24
90.07
91.07
81.08
98.46
93.92
75.88
93.27
87.51
83.72
92.8
92.01
90.91
97.57
89.86
85.52
99.45
96.87
85.53
80.14
89.3
80.59
79.98
88.82
99.83
79.84
75.65
82.29
85.33
78.92
75.03
91.44
93.84
80.78
85.31
93.96
94.62
99.55
80.31
87.85
83.15
86.77
87.87
97.51
78.9
94.99
95.67
80.68
99.76
98.81
93.14
81.25
93.42
82.03
89.52
97.16
79.31
92.67
77.8
81.71
79.61
86.76
96.55
96.2
90.1
93.94
86.47
86.37
75.12
81.71
75.84
87.81
80.03
86.43
80.4
91.5
78.59
95.64
96.74
92.89
96.05
79.34
86.22
83.67
84.38
86.59
91.42
92.62
79.19
80.12
95.33
95.09
92.26
86.79
87.82
81.16
93.04
77.32
91.05
84.3
88.19
97.6
98.69
77.76
89.81
94.05
85.56
82.47
84.95
81.24
91.61
94.37
83.37
91.71
94.61
84.03
99.69
95.79
75.72
76.94
90.66
97.69
99.3
81.42
95.8
84.36
87.71
76.31
96.2
99.49
85.93
97.66
92.86
87.04
86.37
83.62
98.92
95.9
83.34
96.43
87.95
91.94
87.02
97.74
98.6
86.76
86.06
81.45
97.53
91.45
86.23
85.26
79.75
98.3
93.71
99.8
75.96
91.94
90.94
97.98
77.88
85.84
90.3
79.89
84.78
86.4
88.67
86.57
99.27
79.43
79.86
88.78
98.24
84.82
97.83
90.66
84.3
85.45
96.88
81.24
96.73
86.02
81.69
92.16
85.1
76.27
94.61
78.15
91.08
91.93
75.9
98.4
98.38
83.4
98.55
82.88
77.54
82.57
89.17
85.19
81.73
75.27
98.28
94.85
85.18
85.62
95.46
94.81
89.84
79.79
96.89
96.75
93.96
81.94
89.91
88.67
94.44
88.59
95.17
78.33
81.59
78.58
91.81
98.33
91.33
78.39
90.66
98.5
90.43
91.92
98.06
76.55
84.03
77.46
80.5
80.29
95.05
75.11
95.58
89.97
77.17
90.61
81.13
80.41
75.01
89.31
93.62
86.01
82.58
80.46
93.71
92.55
90.8
88.04
77.8
87.96
89.38
89.31
76.45
99.97
82.95
96.94
96.16
84.22
99.21
96.43
97.95
76.44
85.06
83.76
79.89
81.42
94.67
91.76
99.36
83.33
88.63
77.85
82.0
79.4
87.23
98.52
76.12
75.23
88.29
89.02
90.16
87.59
93.04
78.47
93.04
83.41
78.34
86.13
83.25
89.83
80.53
94.72
82.06
91.56
79.82
86.91
77.03
81.73
85.46
90.34
95.5
87.97
84.76
81.85
82.68
83.76
78.59
84.59
81.32
77.48
95.73
97.29
91.52
96.76
93.46
91.52
82.86
94.88
83.75
80.11
80.46
89.97
88.7
84.11
81.39
96.11
95.01
99.68
77.69
76.18
97.65
75.69
89.17
81.91
81.22
89.28
78.47
97.04
76.43
92.43
99.9
95.54
91.91
96.09
83.59
95.34
96.51
98.89
97.16
77.78
81.28
81.57
99.73
78.39
94.23
77.33
94.32
75.26
91.94
90.83
92.76
96.03
75.79
98.47
86.97
80.38
87.18
97.97
92.81
82.13
92.21
90.06
94.32
77.8
82.9
77.06
77.23
78.7
94.62
93.76
76.2
89.91
95.59
76.92
81.35
82.16
95.9
89.63
88.87
93.71
96.0
82.35
97.67
92.88
92.23
93.4
80.28
95.55
92.59
78.85
80.0
80.7
95.06
79.39
97.69
82.8
87.05
81.11
87.36
86.0
91.23
92.55
82.96
90.74
80.19
88.3
98.29
93.78
90.36
97.45
81.17
85.98
89.58
85.1
94.43
77.82
84.84
84.71
84.81
78.63
99.58
81.8
95.52
84.7
83.33
93.18
75.76
76.32
96.96
97.53
75.36
78.78
96.23
79.89
85.46
85.9
78.5
98.48
93.53
78.71
78.13
82.98
89.44
82.75
76.91
95.73
94.53
79.94
99.24
80.46
94.42
95.03
80.37
93.39
84.84
96.8
95.35
87.82
87.95
95.34
91.81
79.99
80.33
92.44
97.14
87.54
80.63
78.3
80.57
82.17
84.27
98.95
89.88
95.74
97.21
84.45
89.99
78.56
86.87
97.99
87.44
95.14
78.24
90.52
93.11
99.83
86.9
78.32
98.5
84.92
99.6
84.15
88.84
87.5
77.4
78.05
85.03
76.64
95.9
87.31
89.08
85.1
95.67
91.67
86.09
98.77
93.69
79.07
97.85
96.51
82.26
96.53
89.28
83.42
89.27
92.79
78.77
83.5
98.98
78.06
95.45
90.28
97.58
99.92
97.57
88.29
92.92
96.46
94.38
95.67
86.12
98.89
77.26
83.65
91.94
76.52
87.33
85.08
87.43
79.48
88.71
80.56
92.39
81.86
89.63
82.25
96.7
90.61
97.95
80.92
80.23
81.0
79.86
80.3
88.64
77.14
86.84
91.43
82.97
88.26
96.25
79.7
96.42
89.22
93.16
92.4
98.51
84.56
91.88
99.63
77.0
79.89
89.6
83.76
89.18
86.69
80.47
82.02
76.03
79.82
82.5
90.63
81.06
85.84
76.87
92.76
85.75
96.22
94.17
82.7
88.6
82.04
81.36
94.47
98.65
95.78
97.78
91.71
86.57
96.01
77.96
92.3
90.84
85.07
98.1
94.13
96.07
75.2
98.76
79.3
88.85
76.93
93.46
85.31
79.01
98.41
80.58
99.09
97.56
79.84
98.51
82.81
79.96
80.81
86.96
92.43
81.81
98.64
79.58
93.61
76.35
84.7
83.23
95.32
79.41
76.64
82.14
95.16
82.01
81.23
97.32
96.42
90.33
81.57
99.63
89.9
98.54
91.35
92.45
98.6
86.21
93.28
77.72
90.86
84.29
85.39
88.72
87.72
81.17
92.1
80.26
94.37
90.95
83.63
92.69
99.91
85.85
81.9
84.65
94.27
93.89
94.2
97.55
99.21
86.14
98.12
94.13
89.62
92.15
89.45
85.19
