22.94
21.891
21.94
24.026
22.453
22.902
20.175
22.146
21.774
21.598
24.678
24.685
21.316
21.547
23.075
21.832
22.354
22.834
20.048
23.87
24.099
22.855
23.837
21.47
20.883
22.165
23.827
20.549
21.974
23.484
22.402
24.425
24.521
24.983
21.41
23.668
23.266
22.315
22.993
21.247
23.655
20.64
24.007
23.758
24.528
22.411
20.854
21.539
22.495
22.944
20.594
20.294
23.32
24.04
22.536
23.736
23.939
23.51
21.63
20.859
23.393
23.793
21.577
24.588
20.162
24.049
20.726
22.667
21.178
20.362
24.372
21.543
20.128
21.15
21.99
24.927
24.521
23.058
22.147
21.661
23.23
20.287
20.191
20.664
23.947
21.899
23.808
22.958
23.887
23.982
23.522
24.879
22.572
21.322
21.276
20.527
21.617
21.433
20.263
21.748
22.518
21.251
20.546
22.022
21.359
20.934
23.84
20.968
20.244
23.457
20.859
24.772
23.798
21.014
21.051
21.421
22.693
22.706
21.435
22.131
23.924
21.876
24.223
21.603
22.225
21.641
20.888
20.181
20.84
20.371
24.19
22.293
20.998
21.485
24.367
22.563
23.0
24.113
24.635
22.926
20.432
24.22
23.152
21.237
20.629
20.442
21.846
24.122
21.115
24.038
20.527
22.092
22.306
23.983
24.104
23.407
23.573
23.726
22.592
20.773
20.23
21.155
21.553
20.779
21.553
22.44
20.906
23.278
20.52
22.956
23.067
24.111
20.207
20.052
22.204
23.497
23.732
23.385
21.233
21.358
20.905
22.36
21.301
22.585
20.999
20.197
22.971
21.754
20.883
20.858
23.183
22.145
21.548
24.13
20.244
20.798
23.87
23.182
23.93
23.328
23.492
20.934
21.845
21.172
21.763
20.982
21.236
24.388
21.488
23.814
23.406
21.898
22.709
24.016
22.602
24.674
20.998
24.578
22.216
22.084
23.842
22.27
24.054
22.826
24.329
21.234
23.662
23.973
23.532
22.733
21.987
23.718
23.045
22.761
21.755
23.192
22.404
22.408
21.172
20.223
22.515
20.613
22.698
23.989
23.063
23.223
22.949
21.522
23.876
20.652
24.422
23.329
23.889
23.287
20.449
24.545
23.626
23.685
23.134
21.223
24.26
22.599
21.756
22.428
22.613
21.51
24.281
24.17
21.018
23.866
20.45
23.325
23.316
23.197
22.941
20.915
20.953
23.843
20.844
20.12
22.393
22.518
23.634
24.675
20.812
21.647
20.139
21.491
22.827
20.57
22.416
24.912
24.94
21.907
20.696
21.177
22.918
21.074
20.482
21.863
22.106
21.914
23.465
23.952
22.448
20.151
23.693
24.752
22.294
20.138
22.696
22.351
21.856
22.214
24.08
24.951
20.506
23.797
22.75
24.668
24.856
21.899
23.075
20.614
22.681
21.292
24.914
23.328
22.264
21.062
23.527
20.999
21.187
23.069
23.343
24.161
24.241
23.226
21.187
24.058
22.589
20.892
23.281
21.419
22.293
21.597
24.072
21.786
21.378
21.031
21.634
23.522
20.817
22.715
23.318
21.479
20.413
23.044
24.104
21.273
23.939
21.078
22.422
23.662
24.32
22.953
24.227
20.521
22.874
20.302
20.332
23.421
20.654
21.98
20.196
24.048
22.21
20.616
21.603
23.698
23.45
24.903
24.944
20.962
24.442
24.328
23.489
23.708
21.908
22.143
24.148
24.069
23.28
24.679
24.113
21.087
20.354
20.963
23.579
22.763
23.046
24.037
21.54
24.19
21.472
24.246
21.762
20.665
20.906
22.966
23.332
23.746
23.674
24.166
24.926
22.615
20.498
24.164
21.262
21.536
23.978
20.582
20.679
23.827
22.81
24.773
21.991
22.871
24.476
21.798
21.016
24.811
22.957
22.888
20.048
23.497
23.079
21.349
21.809
23.477
24.621
24.995
21.574
23.034
23.166
20.903
20.384
23.973
22.588
20.76
22.56
22.579
24.367
24.635
24.137
24.246
21.585
22.679
20.642
23.856
21.033
24.302
24.543
21.397
20.871
21.572
22.09
20.035
24.524
21.55
21.966
24.539
21.63
22.244
24.582
24.814
21.713
21.432
22.399
21.289
20.277
22.662
22.771
21.614
20.622
22.78
22.557
24.603
21.319
22.222
24.593
20.638
20.631
22.087
22.121
21.252
24.258
24.699
23.929
20.129
23.362
22.72
24.463
21.787
21.405
22.43
24.453
20.517
21.103
24.267
20.809
20.178
24.262
23.262
24.13
24.905
20.384
22.482
24.443
21.39
24.235
23.461
24.191
23.113
24.064
21.901
23.512
21.146
22.293
24.8
24.899
22.629
23.901
21.41
23.521
23.196
20.717
21.672
21.893
24.562
23.378
20.202
24.422
22.042
24.834
21.792
20.096
21.5
24.244
22.759
22.802
24.629
23.166
20.327
21.152
20.238
21.201
22.149
23.626
21.02
20.559
22.074
23.322
22.44
24.368
20.846
21.425
23.382
21.3
20.68
20.689
22.83
23.989
23.905
20.395
23.578
20.184
24.879
23.843
23.151
20.249
23.87
24.574
22.649
22.793
21.861
23.868
22.419
23.86
23.969
23.97
24.197
20.855
20.486
23.295
20.649
23.405
22.646
24.229
23.369
22.62
24.842
23.145
20.531
22.493
20.664
24.64
21.976
22.374
20.048
20.08
23.731
21.031
20.81
21.109
22.436
24.344
21.478
23.713
20.781
21.555
24.841
24.891
22.079
24.629
21.072
20.662
21.62
21.819
23.964
23.276
21.127
22.462
23.468
20.646
23.359
20.661
23.732
21.901
23.268
23.831
23.732
24.06
20.05
22.164
21.643
22.304
24.442
20.33
24.48
24.869
21.285
23.405
22.699
21.111
20.574
24.851
23.002
20.979
22.282
21.893
24.962
23.508
23.405
22.058
23.732
23.241
24.728
21.335
23.782
21.255
21.324
23.812
22.893
21.851
21.902
24.648
23.014
22.161
23.405
21.577
22.104
24.168
24.089
21.766
23.206
24.544
22.71
23.801
20.784
22.865
23.396
21.142
20.131
21.398
20.007
21.724
21.246
21.242
24.095
23.877
23.217
20.971
20.47
22.135
23.853
22.065
21.874
22.527
21.372
22.348
24.434
23.272
23.284
22.818
22.727
21.155
21.431
24.685
24.963
22.209
22.443
22.258
22.15
23.599
20.028
23.873
23.105
22.045
20.897
24.464
24.465
24.403
24.069
21.283
24.25
23.927
21.88
22.759
24.085
21.184
24.314
23.582
24.442
22.197
20.429
23.667
23.893
20.014
21.37
24.516
22.743
22.09
20.209
20.108
24.189
22.495
21.771
21.111
20.432
24.231
24.208
22.378
22.265
23.202
22.735
22.268
20.019
22.964
20.308
22.12
24.972
24.737
21.842
23.14
23.792
23.017
20.115
24.123
23.443
22.7
23.705
22.602
23.594
20.952
23.907
20.74
21.578
20.561
23.103
23.628
20.737
23.187
20.517
24.219
24.269
21.125
21.8
20.715
22.782
24.826
21.159
22.746
22.296
22.214
20.48
22.071
23.09
21.6
21.99
20.265
22.634
20.692
20.1
20.264
20.335
21.532
24.327
24.411
24.051
23.382
20.632
21.356
22.816
23.015
24.514
24.541
22.516
24.176
21.655
22.629
23.835
22.419
23.868
24.399
21.621
24.041
21.071
24.387
24.525
24.752
22.01
23.289
22.044
23.133
20.694
20.369
21.476
21.498
20.76
23.484
20.656
20.413
23.847
22.269
22.155
22.66
24.206
22.099
20.34
22.0
23.957
22.835
21.389
21.159
20.545
22.514
24.202
23.195
22.707
22.579
23.803
22.342
24.982
21.759
22.845
24.396
23.008
22.187
20.402
24.981
22.604
21.944
22.978
22.32
23.681
20.023
21.06
24.181
24.678
22.324
23.567
24.869
20.939
21.471
24.623
21.709
24.354
20.107
20.928
22.28
22.913
21.247
21.374
23.256
20.578
20.528
21.446
23.767
21.88
20.309
20.159
24.862
24.381
20.501
23.647
20.344
23.816
23.058
22.511
21.653
24.521
24.584
22.765
21.658
20.08
21.251
20.09
20.926
20.947
24.077
20.812
21.27
23.928
24.171
20.854
22.433
22.647
24.077
20.699
20.47
21.235
22.841
20.69
22.8
22.577
23.846
23.385
21.327
23.62
20.481
21.576
22.61
23.21
22.4
24.445
24.978
24.459
23.367
24.682
22.439
20.144
23.141
23.328
21.099
22.707
23.976
24.046
20.238
21.179
21.348
20.521
24.456
22.742
24.07
20.982
23.745
22.175
20.619
24.748
24.124
23.012
20.383
20.793
21.327
20.622
24.968
21.755
23.033
22.123
22.378
20.487
21.003
23.02
23.747
23.175
22.09
21.795
20.422
20.623
