6.24
6.53
6.57
6.53
6.52
6.48
6.52
6.38
6.81
6.2
6.16
6.25
6.52
6.25
6.57
6.6
6.51
6.47
6.28
6.13
6.35
6.16
6.25
6.14
6.19
6.27
6.51
6.74
6.82
6.83
6.63
6.29
6.36
6.9
6.34
6.41
6.59
6.17
6.64
6.49
6.16
6.45
6.31
6.45
6.58
6.7
6.24
6.47
6.32
6.4
6.89
6.48
6.48
6.43
6.19
6.44
6.35
6.22
6.15
6.81
6.87
6.56
6.55
6.55
6.22
6.57
6.79
6.19
6.77
6.53
6.58
6.21
6.29
6.79
6.33
6.51
6.56
6.47
6.36
6.7
6.85
6.19
6.18
6.63
6.1
6.22
6.52
6.58
6.33
6.76
6.83
6.69
6.45
6.19
6.6
6.27
6.37
6.69
6.4
6.85
6.78
6.27
6.4
6.27
6.31
6.52
6.44
6.27
6.35
6.21
6.89
6.27
6.85
6.19
6.43
6.86
6.43
6.87
6.55
6.11
6.69
6.69
6.4
6.32
6.72
6.58
6.71
6.67
6.31
6.11
6.32
6.4
6.36
6.6
6.41
6.12
6.53
6.6
6.6
6.21
6.64
6.43
6.56
6.71
6.34
6.25
6.25
6.82
6.15
6.43
6.23
6.64
6.38
6.5
6.26
6.59
6.39
6.82
6.52
6.72
6.29
6.77
6.4
6.73
6.37
6.54
6.18
6.45
6.14
6.55
6.33
6.36
6.88
6.62
6.63
6.83
6.5
6.57
6.72
6.83
6.56
6.68
6.58
6.58
6.11
6.85
6.36
6.59
6.75
6.57
6.31
6.36
6.75
6.55
6.85
6.17
6.63
6.8
6.52
6.84
6.45
6.43
6.78
6.24
6.37
6.39
6.2
6.81
6.35
6.45
6.37
6.55
6.86
6.32
6.49
6.83
6.7
6.81
6.23
6.48
6.51
6.12
6.19
6.62
6.4
6.57
6.52
6.26
6.73
6.47
6.4
6.64
6.38
6.7
6.67
6.56
6.26
6.65
6.22
6.73
6.37
6.27
6.3
6.64
6.68
6.38
6.31
6.48
6.25
6.75
6.74
6.77
6.17
6.67
6.49
6.43
6.23
6.6
6.18
6.19
6.89
6.42
6.87
6.12
6.7
6.48
6.3
6.43
6.72
6.78
6.74
6.56
6.31
6.36
6.44
6.75
6.14
6.84
6.2
6.84
6.17
6.11
6.33
6.35
6.17
6.2
6.88
6.71
6.45
6.69
6.38
6.24
6.66
6.51
6.54
6.71
6.29
6.27
6.86
6.87
6.71
6.66
6.56
6.51
6.82
6.31
6.9
6.28
6.75
6.63
6.71
6.61
6.64
6.29
6.74
6.63
6.17
6.41
6.11
6.43
6.28
6.73
6.77
6.28
6.23
6.38
6.2
6.32
6.42
6.57
6.66
6.81
6.61
6.46
6.34
6.75
6.46
6.59
6.89
6.79
6.39
6.25
6.8
6.84
6.62
6.21
6.86
6.22
6.58
6.28
6.32
6.44
6.74
6.57
6.2
6.17
6.68
6.75
6.27
6.18
6.34
6.54
6.52
6.5
6.47
6.53
6.83
6.38
6.75
6.86
6.48
6.46
6.31
6.7
6.62
6.77
6.39
6.79
6.45
6.85
6.85
6.53
6.27
6.67
6.46
6.28
6.71
6.81
6.27
6.87
6.48
6.9
6.27
6.57
6.9
6.16
6.11
6.8
6.78
6.43
6.24
6.83
6.11
6.73
6.17
6.41
6.4
6.44
6.52
6.49
6.52
6.29
6.29
6.29
6.28
6.1
6.38
6.57
6.56
6.56
6.28
6.67
6.14
6.76
6.46
6.89
6.23
6.35
6.25
6.22
6.25
6.34
6.63
6.9
6.88
6.19
6.59
6.65
6.66
6.49
6.6
6.33
6.11
6.23
6.85
6.83
6.59
6.6
6.12
6.26
6.81
6.21
6.48
6.72
6.31
6.67
6.29
6.62
6.79
6.32
6.26
6.5
6.76
6.23
6.55
6.87
6.58
6.49
6.74
6.82
6.43
6.32
6.13
6.4
6.18
6.4
6.31
6.17
6.54
6.87
6.59
6.33
6.21
6.69
6.25
6.55
6.7
6.26
6.31
6.65
6.11
6.39
6.82
6.33
6.39
6.57
6.43
6.31
6.1
6.39
6.21
6.18
6.37
6.88
6.79
6.74
6.23
6.88
6.64
6.39
6.63
6.55
6.39
6.65
6.27
6.46
6.62
6.42
6.52
6.79
6.31
6.81
6.62
6.45
6.23
6.28
6.63
6.87
6.46
6.71
6.59
6.9
6.31
6.62
6.14
6.33
6.57
6.15
6.7
6.54
6.46
6.29
6.41
6.4
6.58
6.47
6.33
6.17
6.65
6.76
6.7
6.29
6.42
6.76
6.7
6.65
6.27
6.21
6.66
6.67
6.24
6.15
6.59
6.33
6.71
6.57
6.58
6.89
6.75
6.78
6.23
6.64
6.67
6.83
6.3
6.67
6.26
6.58
6.74
6.4
6.64
6.13
6.65
6.48
6.79
6.66
6.59
6.66
6.2
6.28
6.19
6.66
6.59
6.25
6.1
6.4
6.71
6.6
6.68
6.52
6.23
6.73
6.27
6.52
6.53
6.15
6.38
6.23
6.74
6.8
6.64
6.48
6.82
6.18
6.56
6.58
6.58
6.64
6.67
6.54
6.26
6.1
6.74
6.62
6.29
6.53
6.27
6.38
6.66
6.44
6.61
6.77
6.67
6.56
6.61
6.42
6.84
6.78
6.62
6.48
6.74
6.23
6.51
6.37
6.88
6.22
6.65
6.34
6.76
6.3
6.9
6.3
6.8
6.85
6.29
6.3
6.7
6.43
6.42
6.8
6.68
6.79
6.67
6.27
6.83
6.73
6.41
6.72
6.43
6.28
6.6
6.47
6.52
6.66
6.71
6.22
6.62
6.23
6.82
6.71
6.78
6.15
6.67
6.71
6.77
6.87
6.23
6.77
6.76
6.18
6.25
6.11
6.4
6.72
6.41
6.67
6.37
6.34
6.87
6.22
6.82
6.62
6.2
6.32
6.77
6.48
6.24
6.34
6.58
6.83
6.52
6.38
6.76
6.8
6.64
6.75
6.81
6.14
6.68
6.67
6.42
6.61
6.35
6.31
6.6
6.18
6.84
6.67
6.26
6.24
6.2
6.26
6.37
6.38
6.64
6.19
6.69
6.55
6.43
6.66
6.34
6.47
6.29
6.72
6.51
6.29
6.68
6.22
6.3
6.38
6.64
6.46
6.74
6.58
6.53
6.79
6.3
6.56
6.4
6.49
6.11
6.52
6.65
6.52
6.67
6.47
6.37
6.18
6.47
6.51
6.77
6.34
6.75
6.61
6.52
6.89
6.4
6.1
6.31
6.35
6.35
6.59
6.79
6.77
6.76
6.63
6.34
6.35
6.71
6.52
6.41
6.4
6.63
6.11
6.43
6.22
6.71
6.14
6.84
6.62
6.42
6.88
6.49
6.44
6.66
6.7
6.21
6.5
6.87
6.41
6.58
6.12
6.51
6.49
6.85
6.55
6.43
6.28
6.19
6.86
6.65
6.36
6.87
6.72
6.41
6.17
6.62
6.48
6.48
6.77
6.81
6.46
6.21
6.27
6.78
6.67
6.88
6.49
6.59
6.67
6.27
6.3
6.41
6.73
6.63
6.38
6.39
6.36
6.62
6.28
6.84
6.87
6.77
6.38
6.19
6.13
6.78
6.1
6.66
6.6
6.17
6.12
6.25
6.21
6.36
6.45
6.44
6.74
6.15
6.28
6.32
6.1
6.16
6.26
6.79
6.74
6.71
6.38
6.1
6.76
6.69
6.74
6.64
6.58
6.45
6.17
6.25
6.24
6.65
6.76
6.21
6.83
6.23
6.55
6.74
6.4
6.62
6.69
6.3
6.31
6.47
6.32
6.56
6.1
6.22
6.84
6.61
6.47
6.45
6.57
6.87
6.77
6.56
6.21
6.77
6.3
6.71
6.51
6.76
6.27
6.35
6.15
6.84
6.75
6.54
6.53
6.27
6.76
6.55
6.2
6.43
6.33
6.53
6.38
6.47
6.78
6.61
6.3
6.88
6.14
6.44
6.58
6.87
6.29
6.68
6.24
6.54
6.71
6.49
6.12
6.14
6.8
6.46
6.2
6.5
6.87
6.81
6.19
6.18
6.51
6.4
6.15
6.75
6.5
6.65
6.37
6.4
6.72
6.86
6.27
6.56
6.28
6.65
6.23
6.65
6.57
6.41
6.58
6.11
6.45
6.68
6.89
6.73
6.33
6.73
6.57
6.46
6.73
6.34
6.29
6.86
6.47
6.79
6.57
6.59
6.7
6.78
6.79
6.58
6.54
